Id,SalePrice
2658,146070.6493595816
2718,188007.43936538888
2414,208322.58100524338
1989,107709.17328581204
625,187498.81193138115
333,83890.99445512854
1327,87344.7105703867
858,142753.0755157994
95,185131.94542216338
1568,167742.1691296411
2482,159517.62570792637
1364,120065.0750225352
2584,161072.65904458394
818,292464.6400562152
2673,143856.0229625145
2089,98285.43508710396
1297,165705.711478911
790,120077.16766118628
2616,189078.53133025885
720,185646.1249845092
222,128153.69910801636
557,129821.46407631182
1148,194362.0953578765
2766,167722.74494988163
534,175343.9597378189
1452,116994.77955127391
630,122226.77734054526
2648,109648.70954412376
125,161245.12571810553
1904,58318.34053355879
1670,105995.75075778205
756,96566.69633236545
717,238726.32779507578
1032,142575.7410105152
852,221274.864016345
1731,181970.24145461814
2639,100893.67200843176
2071,74431.08985098529
1267,95251.24503416919
1851,191172.0079449065
567,165710.85891882968
2439,199087.16252229607
1898,139838.84202251153
647,134097.03631705343
2256,233468.06349109183
979,82964.21644989165
1444,221824.8208860245
2485,103567.20149646782
157,115159.29695479778
88,125193.70596507224
2003,102829.44413824454
186,192837.07487204988
1425,265978.89670325903
2695,108711.41299902886
738,97500.86331110261
395,143675.69257864833
1353,173645.52417753063
1878,135535.24913416954
390,178272.72572822619
1456,228217.92799074118
1103,334188.6341401279
1387,131821.9318050522
2070,131189.9730202561
1199,179530.4853973603
2479,159499.9027527167
501,330918.8823441748
2362,84182.5202120527
1718,193959.81339128313
2188,57907.81589939204
1483,145897.8771070901
2557,100422.8718372968
437,305053.69252851256
2224,208437.56831961463
1628,161900.8400238186
397,132024.23763951822
587,213979.11390219477
2182,638073.0622392093
971,112504.36950378396
2611,144624.63291861798
1887,82552.34570484147
2399,341706.6109810929
2148,202744.25085140567
304,133317.5009502519
1997,110179.7299229147
2817,116874.64028763998
1431,200411.04420105458
427,348085.79540120496
263,126736.84508819392
598,188443.54146665754
2895,253628.32744726585
687,151294.1680094286
1822,119440.44161927002
2191,93167.22027687653
179,114256.15939517088
1009,229659.28250115077
2010,110920.73635466438
1991,140191.89899406588
1411,152004.76471494694
1721,254278.64891332615
1144,175616.66466606304
593,206289.83287893722
575,273637.3689672055
1249,182715.56321015276
1604,114797.26362320266
1064,468211.37869359326
1923,159800.24784820728
1988,76577.25095405318
2325,166064.91345675415
114,206595.68956049858
2700,202345.69756361307
217,131562.35329185156
343,186860.77826865498
386,226313.19780482483
2005,83982.42871442159
2908,107025.52235655536
1814,229118.53887732068
2446,516299.25039175287
208,127086.61590555272
1679,119673.91839986833
822,323218.4691840453
6,177099.5912773144
1781,423384.8410507257
2397,301862.4351780966
2340,309416.70097725524
1618,169356.29422716278
2843,118390.45660330803
1061,352429.3106290245
2786,109688.9558421563
1935,115053.17915844385
1341,111025.83539965536
521,284968.12379714986
2136,147246.3980738761
996,197403.39737358142
227,136692.71110452586
135,163412.88408698232
1167,170075.98745680653
294,230419.91905665502
1776,206628.61516254395
540,166602.62244975567
1717,211325.62843210628
2303,112336.76252075628
116,174835.99707153632
127,128801.69642482768
1371,116818.2334695347
1014,184277.24614610468
1507,74840.49022429057
702,140855.6232164515
750,158253.33370595757
261,144087.97685032917
1559,77552.98423334146
577,220553.0884294727
2812,190556.96374403345
2080,148632.0571667605
1368,114243.44488365497
2376,123202.38673494707
659,95821.24201391007
1235,126285.4725410353
332,72011.71298271671
1917,128372.43870068566
2094,239850.17859993925
1460,275394.1619889007
1471,209437.4222425669
1509,107285.48217791437
1922,118321.23430825837
433,461393.8891290614
460,258859.98020169928
1116,266141.89225006546
1137,154470.37289234594
53,182357.89244448114
2354,245919.09406596463
1475,201326.7324000707
1761,534772.2368744349
842,127061.48404974098
2739,187844.6104704398
2509,151893.81232400404
1007,189768.3477424811
2610,168782.52329725758
1952,90290.20053623473
2719,183496.8909364196
2921,83383.84958324383
1966,135654.10289683685
292,119698.54137995589
1204,198943.80829838073
1829,239648.34727547382
2419,190001.1284764587
391,159473.14684211998
798,116532.05747402334
481,184518.0446561899
193,189740.3620554992
555,124188.21130685872
899,65822.34726168524
2357,187542.15976399477
328,134052.18267179487
1356,116757.14362509179
1154,102731.14360561552
1730,174806.5654355001
2249,155527.33325730864
1119,288391.19008782646
2856,141298.2563945647
1394,119869.31807081467
2587,111242.01748349017
61,306008.07114526344
2661,191550.81329384667
2711,142257.66889459448
1147,177462.53016935094
757,114912.13489630807
2623,81932.52642168001
2378,159493.97166929473
1413,126396.83103581876
1722,229582.7763833892
1112,199490.4154009873
1623,181493.9278612849
1201,181243.96643090082
1513,106399.68307828232
957,276333.6563623469
1171,279144.8978057466
1145,191830.52466336868
2726,243274.0800263228
703,155434.79996461936
760,75768.61784610292
1964,122119.961855418
2512,181232.61834835532
159,148543.7690686685
1281,172595.31825747015
468,162546.2678431915
290,127375.85956673937
665,101903.90845650368
1463,256442.08502230677
1792,206161.41542986804
923,147532.4313550471
500,291931.8709522374
1408,149359.09289593587
331,72921.42474804958
170,143385.82828742737
2192,90949.9781598812
2571,307026.33535315876
2314,158559.09619323848
2647,87579.54139237474
422,392534.21715502837
2457,339999.47996064526
1838,205093.12303482852
2805,253912.82802445343
1645,169307.44870792158
1711,276148.17863909126
2825,235974.77376484463
322,333939.54673993005
2103,293034.33882813173
342,126537.4658846157
600,108963.92252973365
488,181602.72232528127
1725,320204.7738596899
2246,301935.728491002
2847,149793.4892561317
806,236264.78116219968
530,210647.2768444186
963,191994.51807321556
2678,82862.42742407572
171,69188.1810558756
2401,408751.9262081785
805,208784.45203202066
2259,194127.87066301418
1748,164349.2746689893
1361,128759.15362371053
1677,117268.99442051793
1406,157130.66191502486
2322,233747.33319643905
688,164611.99961175985
143,133658.79150094933
804,192420.83596742328
1214,184140.6203407349
2828,156362.59705875625
1999,180794.85512948732
2467,196782.15245513097
2665,160936.86477706375
1538,324011.51283638563
398,108107.77603644982
2822,149383.51395683797
2157,143855.8630727489
1856,172003.2439774929
1269,87475.17785303805
2570,113916.84789598602
2320,250519.46650859196
1517,126254.877544752
2304,107348.6939647381
1312,81796.85384795227
2012,129245.11389952639
506,202731.3884893978
2865,188018.83511129586
2367,104859.48867314181
554,103773.96400686515
238,134131.18388117355
1954,114737.07456869302
2488,118039.11347691454
2291,84128.11075979884
1969,81250.49415906546
2725,151919.81488210973
1482,145897.8771070901
2763,211493.27615071303
503,236778.7708451632
1584,245214.7286672036
1531,174008.32420906774
2210,187199.7976723853
459,330125.94451291685
556,120728.10966799455
1347,143957.58488160677
1290,79087.43441441598
1388,100279.97229499469
1571,211915.1499826814
2754,211625.6638165742
765,149342.78478532043
2494,120031.81459125318
2870,185986.05783722838
7,219694.58347538492
1114,232948.150307983
2418,289850.643453049
291,101210.47452855404
18,349463.27640284214
39,358834.9113777799
1001,255331.22695781826
2442,230027.29378931705
616,124145.78851415186
2680,42001.64791414101
1414,120153.09333608302
289,138500.35882352883
40,274237.2453472463
860,129392.13701838724
409,141132.86458421897
673,141510.39682874217
2427,199575.2896032038
2036,178263.64507096302
2564,131558.70384410163
642,200499.90607298043
1008,177115.00502365365
1908,154734.68564764704
2519,221990.6551643195
1369,97885.45168760279
2855,164503.58838691594
712,81613.22080003087
1943,99343.10548720219
1958,133218.60355708373
107,168364.85809191523
2295,177353.25597303448
704,85547.56918916566
676,117011.8388128132
259,172781.57480112716
93,281033.5066060825
106,232224.66169097263
2315,173649.646105411
1050,105605.85566958252
1095,195581.67259640753
2709,149653.44083411503
758,152083.43402532066
1496,155269.01713008044
2370,121301.8571118571
2458,287009.526826298
2733,122091.1125265753
161,238291.0372514855
726,141143.11140223735
845,221419.4822043207
947,244032.8930079064
2232,95185.73517962724
2563,148400.20167057097
2299,118624.88737795522
211,104102.28237187274
605,182981.28318701588
1478,195363.7576635425
2247,286856.27940494794
2274,194284.35609167026
2869,182116.12030205256
967,202191.6094836008
2656,85874.45207601725
667,234488.46829587434
1042,109839.66863435591
2023,158215.80189138444
2447,394004.26660476957
2055,124780.0044794268
2275,320509.17178098264
2204,153831.42783383577
1563,272729.9052517277
483,215453.6187235935
796,135402.1488939285
1526,144609.95493503247
2042,163023.65255383603
442,316551.4819094712
1693,292432.31119393033
1468,203621.15520370862
1430,185749.09978490003
2605,169943.6965355946
1529,171834.33354633435
335,128014.04518554793
1287,110514.59782272867
31,101910.62697048945
1785,268432.02165526274
82,156390.30488638964
2620,117232.50004170855
252,192711.57220922454
721,65570.63570953553
2165,185934.72384746582
2316,199609.8410646407
775,136489.58498348965
1558,111289.21255845964
17,201836.60927766334
1022,231756.0076704876
925,119447.54112219188
438,281307.5997008623
1270,134930.77027793674
1272,116760.16489833272
215,144409.0009464838
266,221708.1723405998
2402,266413.5066348484
1250,136084.76376568113
1984,105920.28090122074
1279,142986.40720673167
377,238120.42229455168
1252,117859.91707618533
2156,267482.76542724983
499,328484.35713479354
1374,117782.87055155757
2898,241125.99938437904
401,104016.7642421822
2721,161459.54837358015
2078,222051.56489749777
2589,124493.06011684978
1946,207076.7788550422
1334,107512.97442450313
2781,231936.385522477
431,378875.8167519043
576,217088.75830807135
1474,201808.29689000186
2254,142734.08889396786
2155,301815.54000498686
885,90092.71152966941
643,137847.93687673894
1944,121712.95176924925
480,186571.09004306362
2845,95080.42559131101
2387,314995.8381862355
2407,215236.48598236757
2527,169986.61059282534
2514,149526.30481012014
629,180174.1238791638
80,191768.669701594
1876,140282.33951286666
1546,104941.55626052321
2518,170452.89633117453
2347,171628.3606243126
783,185628.45837449527
1322,64782.500440343865
194,72049.35467355474
1770,291220.85051253624
2143,122811.7198158632
1229,210665.6834978926
511,288804.6940376755
46,230023.53652978662
1348,178200.01672634823
2465,195332.4580560222
387,221209.23219773805
873,221157.46184114914
1918,123301.08843812169
2764,234143.1734775886
2184,118624.94509736873
934,137853.76524474908
1920,120577.73973283253
2631,147260.04637836287
1768,581517.5053233644
2040,110338.41495638601
1749,202895.2755994685
834,252072.51565567162
1457,233779.22666879423
79,112659.48007097453
2302,109275.45378045602
1817,132596.71193175143
2755,270832.41362854315
359,167643.31319218167
2059,111423.3683029218
2092,224546.14189721004
2516,233134.66615646827
150,112381.1664797277
1656,145006.5102930187
83,97426.55772959937
2411,186821.7616313852
795,65612.42436379998
2312,234963.25429522895
2917,85486.18673765435
1624,167831.80754531603
2215,290446.9320044563
1211,145749.75196508568
1485,156705.5545355632
1024,191174.41862025752
570,189706.0342879416
2874,133295.94976958114
700,139429.6135858466
2756,226496.32807280152
2022,172358.46285313892
583,230791.6178229528
2392,332209.9889237339
2424,179210.61053541783
212,118136.69878917937
736,112560.78190957538
1610,176823.98558052586
890,115621.83340448234
467,157876.37288744887
578,228988.77181118567
1747,174454.3244309827
1149,159975.25883816005
2758,228101.55757280727
857,117532.39290090873
2219,246025.97822416772
733,113229.88845574892
2909,101763.1400819027
1798,258227.8157230416
235,114605.89611101571
2366,126557.40445796074
1027,124546.52710723822
1195,124027.82519110192
1303,41864.71799725146
148,183533.1865878328
608,161802.074005086
2515,170320.52469364522
821,275967.16609177215
2500,255615.9097987364
745,97499.38520386191
741,127886.28960931131
1611,132994.2652848554
2532,128565.43802771284
1081,231281.4529917049
1692,412319.97898742754
2520,193421.4725839177
276,81639.80424402237
1992,104790.60172853197
663,50292.38421057716
418,131754.60186475873
1733,189299.60018902924
2359,149490.18216279687
253,186707.16975774866
1518,148157.61117740616
2035,133765.47812980856
2919,72011.71298271671
1540,215548.2007249039
2120,138337.5482940829
1674,172248.83363582724
256,155339.93640651397
2361,100736.3435029381
978,90149.21832633992
2280,144646.90250712918
2095,218904.22931641416
1709,314235.95516599785
2801,233224.94096373604
1246,104457.18584019851
2373,108927.18862172269
1055,285243.19608129025
2017,113716.65015796533
1099,297961.8556239937
1344,55216.846238210856
835,188294.2294903314
1117,225269.6689081589
2043,82123.8036394398
2085,121962.6505612937
410,158648.6912639406
2650,114041.0491181016
2867,158134.13711677174
1668,111457.19591860933
1161,164107.1620571803
2122,164607.73355772038
2539,146671.3958591026
1047,144729.6720088325
1445,124400.31073700028
541,110068.5235718141
569,237387.41493968983
1276,140794.54943842714
918,130655.64647317608
326,155185.39887723725
1936,109940.30921472696
895,112337.50866215157
257,139693.71241291676
1241,183409.62897569736
1545,107203.52810640265
1189,167849.44312238452
270,142706.16055212423
2066,178544.3389150918
693,101885.62545719149
1259,171678.8155373754
2916,146805.0036362813
2321,325133.05703437096
1977,102052.50596251649
1895,159155.40757977817
1240,160441.60084225438
85,147110.97999187108
1823,121728.00119623652
825,293632.03877958015
110,211497.54078941696
697,100171.63205635546
2297,104479.01332715487
1231,133868.48687333387
1355,123075.83048254016
968,336727.4841135652
584,223834.07655201276
1315,94036.94466434076
1606,128285.64761313956
206,108817.01101575959
1685,340303.1337761064
2016,112947.75519846055
869,197333.38385733234
2135,120793.12046141944
2346,187715.83412680693
2430,243150.1974994244
2198,86416.98616846549
2652,128984.31779005278
27,110879.91732882724
241,164556.9161815125
906,123689.24759351628
1506,93336.16627406777
2098,362244.4248164138
1435,225651.53216505313
2213,123382.44033969997
1274,144997.7565136185
743,49705.325567268694
1737,216814.89031807025
2797,284219.9347344651
2185,67265.76185822411
58,162166.83606353067
830,203393.08686885345
808,108084.88385035134
680,151173.82562433087
1153,106759.17830100538
1291,123618.10086686966
1818,135230.98879638308
2161,193158.49020674298
1883,131657.58797469194
350,325360.6209129817
2473,141224.6580380131
295,170178.73572011202
293,173802.95665747082
859,121106.87522889103
288,74726.02930089404
1578,128078.2079572296
102,210374.52325904183
2831,151661.08423227177
1030,174506.96082664462
2551,130880.6443373512
1286,128189.20408536796
958,321207.5386027425
776,129101.6827959512
72,188756.63771996793
2263,288303.8054867885
1866,148064.0663124944
2876,68967.34393698443
2146,257953.82605057672
103,167696.24127241215
1500,138102.00965314262
492,171103.00820365344
167,137917.73988787414
2597,101587.92698113716
2685,104911.80661350532
1035,147857.32219270008
1220,55233.05489884697
2602,149487.74755695285
2159,194401.03669267963
695,156208.2584053883
1109,254521.60073056066
640,190956.6914808128
1652,168916.7388865016
2090,176133.0609108414
1188,194755.2087026261
2345,218522.1691118296
1059,378729.5546020506
2751,245156.99435478248
128,181467.99181469303
1523,191940.46997685803
2925,145030.1779886519
2145,302731.89902241516
1121,229479.13934871648
566,272587.0007931825
565,210101.32329820303
1331,136497.2433901527
2928,114019.20768456324
156,133982.04318420356
797,134383.99242942466
327,85116.52918374255
2859,144748.3158217215
1453,109310.63824272985
1762,357143.2225732499
1868,191577.63675654287
1760,172862.3116088735
1113,255933.22896182575
1812,172748.6422681875
117,156539.3229921291
1142,204591.37007646397
2342,366608.6282844298
927,129175.20954586222
2478,182821.63943637846
655,79991.63922314835
2064,109235.23692909774
369,227351.6046341286
2239,118299.77226467396
2732,224902.5747378986
1653,156590.84371374614
959,231112.18358068136
2395,328523.3692803676
1412,101926.0348308006
271,252528.48598529003
1484,148424.75048081792
1497,127746.50942204287
552,146016.674640405
2,112125.58596047838
1855,273906.06514216
4,261760.24093412407
2292,166263.7111735488
134,141433.99129920965
646,113879.4603323709
42,307204.77137096494
532,215898.8951197342
713,101755.93805558195
2561,128760.65959010528
2360,129220.63023660677
1333,97497.66202111509
1407,185598.03054860447
2892,276662.86639506114
574,235013.43880446843
1227,161715.38909510488
2591,221621.47990513823
1476,214729.61265687167
1125,265656.2872472102
1446,134216.17533778725
408,112023.82136210664
1101,297311.20293090056
2251,175961.2533700148
373,197184.0082074715
2554,111387.69681747051
2382,267778.91094910004
1985,80884.22217003544
519,235453.66122769454
1093,196679.31660383573
864,255309.94941887725
2889,154720.76936723405
2308,196167.34314766095
986,141783.63184399458
1302,140700.8950562194
585,155399.98081294057
2708,135457.7212527739
147,128352.10052403588
1441,223004.24262455635
383,162148.06594553468
285,144390.7496420332
181,106112.63690460984
358,160512.67383143425
780,155179.90554963597
258,193733.54377734737
1865,210725.67134194006
692,111658.2976903266
2902,330745.83307858894
508,275854.63013160735
2638,132040.7471739159
36,157770.42150281233
611,178191.02962033302
2281,142649.38961588094
1678,116978.54920514693
1696,434070.10822653107
1557,66271.43914606045
2180,144855.06688463932
1726,236290.98238237808
951,137524.4387492471
267,215698.5445451506
2706,124295.24193219889
2221,203704.18782144322
1357,161039.80452236137
2901,315635.621396902
347,166885.3989183521
2164,193343.21023283084
1586,306576.60511936154
360,156990.74810397218
1769,229484.9273084121
2617,135613.8370681439
1879,170170.91257631144
991,206589.8550062207
1535,137288.39519936033
1191,167412.2046973905
1579,234574.17656106787
1882,128249.07674572687
1510,115606.9747981483
2196,156648.7620523386
1845,182230.38188959067
2336,387479.0146747455
942,84730.45885567056
861,121304.84377846017
2555,109328.02172142439
1392,143071.82810663676
2099,290234.62820751715
1543,116045.2945763231
948,241106.09007312226
1239,147864.3636707208
22,193180.38508260783
2796,248034.26088174217
2747,170172.26873708086
92,297914.2461439563
210,160944.36866881073
1858,216918.56145029463
2228,178651.04346351302
447,236149.3839076133
827,235174.19588818884
1649,208591.86485073486
682,122131.65393342107
2698,123463.05849898022
494,158777.60540721423
214,88134.32547996244
2441,248555.33804319048
2679,89734.43464690508
1336,124734.45352641576
465,168973.73117865954
1524,130368.68614848077
2543,119869.21607867075
631,128774.82009752028
2452,323113.07719517185
228,159281.8277083843
126,165715.62193247688
1092,226093.382837907
1122,206231.06806817325
932,221732.57334130083
1980,77733.8299224693
2171,124295.5250618638
551,152823.6333318759
2768,177310.37378925725
2056,110369.31260690605
1159,366138.76293505874
2645,112791.19544241231
1174,177812.26330087235
2266,206135.8271332511
2462,377608.4444465386
1219,127092.29796453507
2922,198408.49885134134
118,144903.70217611027
474,173599.41687438925
2576,156448.90787966002
872,276973.75925839087
1077,220282.69302975255
1536,143367.1522531557
1150,120260.30104741179
2341,317013.85482777806
1931,117035.92888114564
2785,131471.86524036343
2538,122494.55208010486
597,220881.0426297388
464,180236.71018423932
233,224767.6000722957
2169,137942.3891181909
2123,156734.9177937797
1867,176991.23952312706
137,270743.6552829095
515,226179.514330173
933,111983.78864151938
2784,177869.23630345997
972,164895.39032930898
599,165780.52489082314
2614,121483.29606705037
2582,152045.30443055756
1409,167691.9847782927
175,77914.64341291349
352,235059.48682941444
976,91095.76162968439
2134,185615.89686787527
984,98328.61698726825
2396,330229.6849500389
1673,146426.2175646671
404,123827.05537276188
607,161232.07584378298
814,173404.2164123424
868,188742.08405516212
2271,196247.6135021181
1633,231938.24535346258
337,191896.16722435967
2765,185536.75255072213
1746,232933.7969827129
368,336759.30163332354
2806,197352.17141229965
1662,185753.10067380374
1234,192026.7008490589
1373,118862.61464234068
1672,103057.60187560592
1939,121409.73293030233
