Id,SalePrice
2658,141110.0
2718,178500.0
2414,186476.5
1989,131760.0
625,169850.0
333,93300.0
1327,115792.2
858,143920.0
95,172725.0
1568,176525.0
2482,158200.0
1364,108210.0
2584,144130.0
818,279450.0
2673,155620.0
2089,117734.4
1297,155570.0
790,121890.0
2616,191450.0
720,179650.0
222,128610.0
557,122850.0
1148,193475.0
2766,175254.0
534,155550.0
1452,124060.0
630,130720.0
2648,102075.4
125,152500.0
1904,56541.6
1670,123800.0
756,89640.0
717,272107.6
1032,169950.0
852,209390.0
1731,176575.7
2639,111300.0
2071,75910.0
1267,93375.0
1851,183290.0
567,183534.5
2439,186450.0
1898,146940.0
647,138889.0
2256,247800.0
979,98850.0
1444,263980.0
2485,100964.9
157,127910.0
88,137900.0
2003,99200.0
186,202587.6
1425,259120.0
2695,125810.0
738,92820.0
395,146800.0
1353,157700.0
1878,129470.0
390,183700.0
1456,251390.0
1103,348026.2
1387,115710.0
2070,164900.0
1199,164840.0
2479,182240.0
501,337750.0
2362,104320.0
1718,195290.0
2188,73225.4
1483,159689.5
2557,91250.0
437,349420.9
2224,260100.0
1628,177730.0
397,139700.0
587,209850.0
2182,560174.1
971,137764.1
2611,147350.0
1887,93175.0
2399,362346.8
2148,180160.0
304,120225.0
1997,123860.0
2817,114080.0
1431,183063.5
427,395099.6
263,137000.0
598,162330.0
2895,229635.0
687,147640.0
1822,129510.0
2191,109230.0
179,138657.4
1009,233500.0
2010,120640.0
1991,132310.0
1411,144130.0
1721,223995.0
1144,191383.5
593,224000.0
575,299460.0
1249,170840.0
1604,123830.0
1064,507565.7
1923,162943.2
1988,100960.0
2325,173630.0
114,250450.0
2700,217190.0
217,127090.0
343,191070.0
386,282160.0
2005,99910.0
2908,137190.0
1814,229540.0
2446,536350.0
208,134820.0
1679,128950.0
822,361353.9
6,177300.0
1781,436527.4
2397,282066.6
2340,329062.6
1618,170725.0
2843,121100.0
1061,351188.7
2786,127975.0
1935,125430.0
1341,126200.0
521,331997.9
2136,150792.8
996,184410.0
227,149100.0
135,154500.0
1167,178050.0
294,238350.0
1776,195300.0
540,148290.0
1717,195290.0
2303,119150.0
116,187735.0
127,136250.0
1371,123660.0
1014,179400.0
1507,94140.0
702,125050.0
750,146050.0
261,152045.0
1559,88670.0
577,227900.0
2812,190765.0
2080,139240.0
1368,125110.0
2376,132900.0
659,93580.0
1235,126700.0
332,98090.0
1917,145085.0
2094,271330.0
1460,282170.0
1471,193255.0
1509,117290.0
1922,125440.0
433,534909.0
460,258998.6
1116,247735.0
1137,147050.0
53,173120.5
2354,269596.6
1475,199010.0
1761,517858.1
842,141250.0
2739,182580.0
2509,150763.46666666667
1007,176375.0
2610,181970.0
1952,80390.0
2719,168700.0
2921,93555.0
1966,140460.0
292,105430.0
1204,198340.0
1829,285450.0
2419,175151.5
391,166470.0
798,132450.4
481,194123.5
193,188200.0
555,134750.0
899,81300.0
2357,215300.0
328,147131.8
1356,124700.0
1154,125850.0
1730,174066.73333333334
2249,154240.0
1119,289979.9
2856,132240.0
1394,131190.0
2587,124150.0
61,330106.8
2661,204620.0
2711,143900.0
1147,180550.0
757,123165.0
2623,96530.0
2378,160530.0
1413,149778.4
1722,211900.0
1112,207190.0
1623,188220.0
1201,194140.0
1513,109340.0
957,233400.0
1171,281060.0
1145,198230.0
2726,231857.6
703,146505.0
760,94860.0
1964,124205.0
2512,170860.0
159,152128.3
1281,167350.0
468,172240.0
290,113530.0
665,84590.0
1463,280445.1
1792,191606.0
923,131550.0
500,260475.0
1408,151940.0
331,83700.0
170,134580.0
2192,87035.0
2571,335900.0
2314,176190.0
2647,97280.0
422,424879.2
2457,352254.3
1838,197070.0
2805,248689.5
1645,178770.0
1711,290090.0
2825,278500.0
322,351813.9
2103,301590.0
342,129625.0
600,131293.2
488,181800.0
1725,288936.0
2246,316192.2
2847,149470.0
806,280149.9
530,208420.0
963,192200.0
2678,94390.0
171,100460.0
2401,410627.4
805,239750.0
2259,172190.0
1748,180200.0
1361,133130.0
1677,134358.4
1406,164730.0
2322,197525.0
688,135450.0
143,129760.0
804,210190.0
1214,183940.0
2828,143785.0
1999,170330.0
2467,175600.6
2665,151290.0
1538,294650.0
398,123517.2
2822,140550.0
2157,138010.0
1856,177690.0
1269,101030.0
2570,118990.0
2320,275500.0
1517,119925.0
2304,117950.0
1312,113158.2
2012,144860.0
506,241900.0
2865,185550.0
2367,104740.0
554,126477.4
238,110650.0
1954,124240.0
2488,136200.0
2291,93300.0
1969,91620.0
2725,149715.0
1482,159689.5
2763,189879.0
503,275700.0
1584,277390.0
1531,149470.0
2210,157730.0
459,391072.0
556,140040.0
1347,135210.0
1290,110639.1
1388,108200.0
1571,188600.0
2754,205235.0
765,147240.0
2494,126390.0
2870,195030.0
7,210093.7
1114,268879.9
2418,255000.0
291,138190.0
18,366496.3
39,382836.6
1001,267270.0
2442,229080.0
616,118900.0
2680,73000.8
1414,101890.0
289,119840.0
40,250728.4
860,137950.0
409,129195.0
673,144280.0
2427,176072.0
2036,163650.0
2564,139450.0
642,164211.4
1008,179025.0
1908,142800.0
2519,246190.0
1369,108590.0
2855,153900.0
712,95640.0
1943,104690.0
1958,117565.0
107,162949.5
2295,183230.0
704,91400.0
676,118890.0
259,178780.0
93,288700.0
106,288490.0
2315,176016.66666666666
1050,118300.0
1095,189723.5
2709,167300.0
758,155510.0
1496,172465.0
2370,132415.0
2458,249874.9
2733,118890.0
161,256035.0
726,140170.0
845,225850.0
947,252750.8
2232,119800.0
2563,167037.5
2299,107565.0
211,120413.7
605,209902.8
1478,204010.0
2247,335598.3
2274,191085.0
2869,173520.4
967,209314.1
2656,105580.0
667,244300.0
1042,113040.0
2023,138940.0
2447,384074.2
2055,142500.0
2275,311530.0
2204,138820.0
1563,276112.2
483,229050.0
796,135627.5
1526,141300.0
2042,163100.0
442,353972.0
1693,288982.6
1468,240650.0
1430,186850.0
2605,179137.0
1529,187190.0
335,130097.0
1287,127432.0
31,101890.0
1785,275379.9
82,166690.0
2620,120100.0
252,196705.0
721,53237.5
2165,175403.0
2316,181125.0
775,127310.0
1558,106890.0
17,190620.0
1022,277882.6
925,114208.7
438,269140.0
1270,161030.0
1272,127680.0
215,129200.0
266,243285.0
2402,288110.0
1250,133840.0
1984,110000.0
1279,139850.0
377,271725.0
1252,127750.0
2156,281365.0
499,333016.9
1374,124600.0
2898,240401.4
401,123995.0
2721,169350.0
2078,215780.0
2589,133100.0
1946,212270.0
1334,104700.0
2781,277910.0
431,459750.6
576,228850.0
1474,212130.0
2254,133000.0
2155,297820.0
885,101725.0
643,131860.0
1944,138050.0
480,189990.0
2845,115969.1
2387,317200.0
2407,191040.0
2527,165280.8
2514,156983.6
629,165490.0
80,189115.0
1876,132740.0
1546,121997.0
2518,184540.0
2347,164830.0
783,170950.0
1322,66070.8
194,86500.0
1770,278760.0
2143,132430.0
1229,256100.0
511,323312.1
46,224603.0
1348,172740.0
2465,175616.2
387,268240.0
873,229775.0
1918,128300.0
2764,250000.0
2184,128420.0
934,179075.0
1920,134870.0
2631,151535.0
1768,536350.0
2040,124800.0
1749,214175.0
834,229600.0
1457,273760.0
79,128110.0
2302,125522.2
1817,135430.0
2755,255050.0
359,179000.0
2059,125030.0
2092,251100.0
2516,221659.9
150,124390.0
1656,147880.0
83,117277.4
2411,200783.5
795,78658.9
2312,271700.0
2917,89210.0
1624,178580.0
2215,330871.9
1211,154830.0
1485,164359.5
1024,165450.4
570,181583.5
2874,133700.0
700,127240.0
2756,212340.0
2022,177000.0
583,241550.0
2392,356320.0
2424,218125.0
212,97300.4
736,132500.0
1610,176290.0
890,134100.0
467,175013.2
578,256432.6
1747,179840.0
1149,164350.0
2758,199814.0
857,125040.0
2219,231755.0
733,93700.0
2909,121940.0
1798,262754.9
235,126895.0
2366,144469.5
1027,140780.4
1195,132830.0
1303,56862.4
148,187050.0
608,160380.0
2515,173803.5
821,266892.7
2500,277251.3
745,120150.0
741,126380.0
1611,110170.0
2532,142850.0
1081,257600.0
1692,539368.0
2520,190500.0
276,106852.3
1992,122650.0
663,61206.8
418,129465.0
1733,181240.0
2359,152790.0
253,213053.0
1518,152765.0
2035,119650.0
2919,98090.0
1540,254480.0
2120,150300.0
1674,186170.0
256,168760.0
2361,103192.2
978,81000.0
2280,168050.0
2095,241300.0
1709,325400.0
2801,231900.0
1246,113140.0
2373,100765.0
1055,260905.0
2017,109080.0
1099,256675.0
1344,86180.0
835,178733.2
1117,202235.0
2043,91950.0
2085,134730.0
410,153710.0
2650,101165.0
2867,158190.0
1668,126150.0
1161,169657.8
2122,176533.9
2539,138300.0
1047,161150.0
1445,127400.0
541,142190.0
569,194440.0
1276,122325.0
918,129160.0
326,179050.0
1936,122980.0
895,120809.1
257,137540.0
1241,173199.0
1545,130950.0
1189,186420.0
270,142760.0
2066,166630.0
693,83713.3
1259,176900.0
2916,142950.0
2321,320590.0
1977,84540.0
1895,150180.4
1240,163270.0
85,140755.0
1823,123685.9
825,310222.0
110,202840.0
697,104290.0
2297,105150.0
1231,142350.0
1355,132865.0
968,375320.6
584,263750.0
1315,108480.0
1606,135700.0
206,138750.0
1685,375738.0
2016,132865.0
869,178895.0
2135,132200.0
2346,175130.0
2430,255521.0
2198,125025.0
2652,132000.0
27,122875.0
241,183060.7
906,156770.0
1506,112920.0
2098,359804.7
1435,234940.0
2213,128060.0
1274,144690.0
743,59227.6
1737,193231.1
2797,281740.0
2185,83940.0
58,174160.0
830,199500.0
808,116795.6
680,152140.0
1153,116979.3
1291,136690.0
1818,157080.4
2161,175618.2
1883,134150.0
350,331632.6
2473,148185.0
295,174750.0
293,146390.0
859,120540.0
288,55110.0
1578,163890.0
102,179700.0
2831,151450.0
1030,167080.0
2551,137820.0
1286,134350.0
958,346014.4
776,130590.0
72,186900.0
2263,250950.0
1866,169000.0
2876,67140.0
2146,236880.0
103,177980.0
1500,145135.0
492,176383.9
167,139300.0
2597,122240.8
2685,85390.0
1035,159275.0
1220,66524.5
2602,138350.0
2159,190450.0
695,159280.0
1109,278650.0
640,207316.4
1652,175020.0
2090,176800.0
1188,184650.0
2345,239240.0
1059,434016.1
2751,266660.0
128,172150.0
1523,186640.0
2925,151310.0
2145,330376.5
1121,212740.0
566,314803.2
565,243185.0
1331,130880.0
2928,115300.0
156,153785.0
797,144580.0
327,93755.0
2859,129400.0
1453,126850.0
1762,361086.0
1868,188450.0
1760,173023.5
1113,233159.7
1812,181700.0
117,173615.0
1142,202940.0
2342,357384.9
927,139000.0
2478,176815.0
655,88470.0
2064,126190.0
369,229408.0
2239,114295.0
2732,238690.0
1653,165300.0
959,206430.0
2395,340712.2
1412,109690.0
271,264110.0
1484,159689.5
1497,179000.0
552,176805.9
2,130447.0
1855,278111.3
4,262750.0
2292,184700.0
134,140150.0
646,126150.0
42,327842.4
532,212040.0
713,110970.0
2561,132800.0
2360,152050.0
1333,125320.0
1407,170700.0
2892,270800.0
574,219080.0
1227,152270.0
2591,237350.0
1476,219710.0
1125,264755.0
1446,141220.0
408,119540.0
1101,323454.0
2251,184603.5
373,197700.0
2554,124150.0
2382,273240.0
1985,89970.0
519,218243.0
1093,192182.5
864,250469.8
2889,156165.0
2308,207802.8
986,169050.0
1302,142160.0
585,169395.4
2708,142315.0
147,130300.0
1441,220680.0
383,177810.0
285,144338.3
181,110675.4
358,171450.0
780,158407.5
258,184665.0
1865,261540.0
692,141332.8
2902,371427.8
508,295710.0
2638,137280.0
36,163480.0
611,181370.8
2281,140500.0
1678,127808.4
1696,503952.0
1557,97080.0
2180,179300.0
1726,219607.9
951,140930.0
267,238300.0
2706,155750.0
2221,255000.0
1357,145850.0
2901,350519.1
347,182150.0
2164,179220.5
1586,332542.6
360,175650.4
1769,245400.0
2617,163004.1
1879,148020.0
991,208280.0
1535,126050.0
1191,148350.0
1579,202854.1
1882,146218.3
1510,122160.0
2196,137560.0
1845,179700.0
2336,411064.1
942,90290.0
861,131300.0
2555,98485.0
1392,156640.0
2099,301590.0
1543,124810.0
948,252029.8
1239,153790.0
22,194280.0
2796,266084.9
2747,176720.4
92,289550.0
210,153793.6
1858,228750.0
2228,151440.0
447,216040.0
827,266929.9
1649,251500.0
682,131657.0
2698,121090.4
494,177590.0
214,84790.0
2441,284479.9
2679,98250.0
1336,129800.0
465,173840.9
1524,134874.8
2543,124350.0
631,136650.0
2452,303650.0
228,172300.0
126,148030.0
1092,211185.0
1122,206881.6
932,247300.0
1980,108889.1
2171,91500.0
551,165650.0
2768,186100.0
2056,125390.0
1159,339700.0
2645,119440.0
1174,175142.5
2266,222140.0
2462,430491.2
1219,135600.0
2922,182300.0
118,151535.0
474,179367.5
2576,135300.0
872,299855.1
1077,225091.5
1536,155950.0
1150,129230.0
2341,334749.1
1931,122840.0
2785,138050.0
2538,128520.0
597,229040.0
464,168574.0
233,225250.0
2169,136900.0
2123,168431.5
1867,190870.4
137,280160.0
515,257440.0
933,125450.0
2784,167992.5
972,181600.0
599,180530.0
2614,121225.0
2582,158880.0
1409,180887.0
175,82540.0
352,220753.7
976,92680.0
2134,168705.0
984,118430.0
2396,327042.2
1673,142285.0
404,141975.0
607,168730.0
814,172910.0
868,179025.0
2271,185475.0
1633,309727.6
337,209750.0
2765,154801.2
1746,262643.0
368,352625.7
2806,198325.0
1662,195890.0
1234,181905.0
1373,134384.0
1672,126135.0
1939,152200.0
